[403 1903]
[239 1739]
[719 2219]
[580 2080]
[195 1695]
[332 1832]
[743 2243]
[581 2081]
[754 2254]
[264 1764]
[618 2118]
[133 1633]
[602 2102]
[736 2236]
[397 1897]
[680 2180]
[237 1737]
[791 2291]
[257 1757]
[705 2205]
[56 1556]
[432 1932]
[476 1976]
[606 2106]
[357 1857]
[390 1890]
[147 1647]
[453 1953]
[144 1644]
[313 1813]
[643 2143]
[267 1767]
[91 1591]
[88 1588]
[193 1693]
[346 1846]
[520 2020]
[564 2064]
[467 1967]
[99 1599]
[562 2062]
[578 2078]
[81 1581]
[420 1920]
[111 1611]
[670 2170]
[567 2067]
[38 1538]
[647 2147]
[336 1836]
[173 1673]
[263 1763]
[16 1516]
[671 2171]
[297 1797]
[553 2053]
[34 1534]
[742 2242]
[273 1773]
[50 1550]
[118 1618]
[176 1676]
[216 1716]
[251 1751]
[377 1877]
[161 1661]
[252 1752]
[506 2006]
[330 1830]
[590 2090]
[250 1750]
[636 2136]
[748 2248]
[54 1554]
[457 1957]
[490 1990]
[795 2295]
[586 2086]
[720 2220]
[540 2040]
[788 2288]
[486 1986]
[425 1925]
[594 2094]
[681 2181]
[488 1988]
[408 1908]
[202 1702]
[615 2115]
[549 2049]
[697 2197]
[165 1665]
[475 1975]
[570 2070]
[676 2176]
[356 1856]
[265 1765]
[369 1869]
[182 1682]
[493 1993]
[222 1722]
[694 2194]
[388 1888]
[757 2257]
[583 2083]
[100 1600]
[462 1962]
[501 2001]
[70 1570]
[407 1907]
[53 1553]
[240 1740]
[28 1528]
[123 1623]
[248 1748]
[430 1930]
[703 2203]
[559 2059]
[401 1901]
[192 1692]
[538 2038]
[76 1576]
[702 2202]
[645 2145]
[387 1887]
[191 1691]
[194 1694]
[760 2260]
[665 2165]
[152 1652]
[180 1680]
[715 2215]
[372 1872]
[471 1971]
[495 1995]
[337 1837]
[253 1753]
[690 2190]
[780 2280]
[15 1515]
[74 1574]
[75 1575]
[502 2002]
[232 1732]
[394 1894]
[300 1800]
[623 2123]
[617 2117]
[566 2066]
[393 1893]
[279 1779]
[288 1788]
[338 1838]
[466 1966]
[484 1984]
[145 1645]
[723 2223]
[674 2174]
[48 1548]
[494 1994]
[523 2023]
[619 2119]
[436 1936]
[658 2158]
[231 1731]
[599 2099]
[800 2300]
[324 1824]
[708 2208]
[275 1775]
[782 2282]
[367 1867]
[363 1863]
[785 2285]
[385 1885]
[543 2043]
[766 2266]
[459 1959]
[46 1546]
[270 1770]
[550 2050]
[260 1760]
[684 2184]
[95 1595]
[354 1854]
[174 1674]
[85 1585]
[732 2232]
[768 2268]
[73 1573]
[130 1630]
[348 1848]
[601 2101]
[284 1784]
[320 1820]
[626 2126]
[119 1619]
[560 2060]
[326 1826]
[762 2262]
[710 2210]
[233 1733]
[641 2141]
[206 1706]
[209 1709]
[765 2265]
[9 1509]
[761 2261]
[544 2044]
[221 1721]
[451 1951]
[699 2199]
[249 1749]
[750 2250]
[529 2029]
[448 1948]
[92 1592]
[134 1634]
[661 2161]
[235 1735]
[107 1607]
[17 1517]
[295 1795]
[446 1946]
[613 2113]
[114 1614]
[361 1861]
[224 1724]
[687 2187]
[664 2164]
[315 1815]
[149 1649]
[66 1566]
[51 1551]
[150 1650]
[568 2068]
[454 1954]
[98 1598]
[254 1754]
[624 2124]
[447 1947]
[287 1787]
[30 1530]
[799 2299]
[500 2000]
[86 1586]
[211 1711]
[20 1520]
[530 2030]
[678 2178]
[6 1506]
[345 1845]
[587 2087]
[200 1700]
[574 2074]
[72 1572]
[579 2079]
[649 2149]
[745 2245]
[707 2207]
[722 2222]
[334 1834]
[399 1899]
[256 1756]
[27 1527]
[280 1780]
[208 1708]
[67 1567]
[271 1771]
[747 2247]
[162 1662]
[610 2110]
[499 1999]
[505 2005]
[604 2104]
[370 1870]
[597 2097]
[234 1734]
[298 1798]
[78 1578]
[113 1613]
[731 2231]
[93 1593]
[470 1970]
[382 1882]
[277 1777]
[317 1817]
[39 1539]
[97 1597]
[398 1898]
[533 2033]
[175 1675]
[347 1847]
[654 2154]
[496 1996]
[763 2263]
[698 2198]
[323 1823]
[744 2244]
[375 1875]
[547 2047]
[776 2276]
[129 1629]
[245 1745]
[718 2218]
[478 1978]
[428 1928]
[142 1642]
[603 2103]
[167 1667]
[404 1904]
[379 1879]
[517 2017]
[596 2096]
[411 1911]
[622 2122]
[667 2167]
[769 2269]
[229 1729]
[648 2148]
[261 1761]
[319 1819]
[551 2051]
[410 1910]
[184 1684]
[5 1505]
[524 2024]
[302 1802]
[738 2238]
[521 2021]
[704 2204]
[266 1766]
[10 1510]
[80 1580]
[796 2296]
[433 1933]
[677 2177]
[179 1679]
[186 1686]
[132 1632]
[685 2185]
[351 1851]
[376 1876]
[155 1655]
[350 1850]
[611 2111]
[614 2114]
[522 2022]
[281 1781]
[188 1688]
[392 1892]
[396 1896]
[226 1726]
[756 2256]
[418 1918]
[759 2259]
[170 1670]
[668 2168]
[772 2272]
[561 2061]
[427 1927]
[243 1743]
[577 2077]
[212 1712]
[652 2152]
[482 1982]
[419 1919]
[588 2088]
[136 1636]
[764 2264]
[262 1762]
[196 1696]
[329 1829]
[146 1646]
[797 2297]
[268 1768]
[513 2013]
[405 1905]
[639 2139]
[416 1916]
[498 1998]
[686 2186]
[380 1880]
[635 2135]
[477 1977]
[210 1710]
[456 1956]
[695 2195]
[758 2258]
[4 1504]
[713 2213]
[449 1949]
[571 2071]
[135 1635]
[331 1831]
[87 1587]
[422 1922]
[364 1864]
[789 2289]
[138 1638]
[183 1683]
[706 2206]
[589 2089]
[663 2163]
[717 2217]
[415 1915]
[230 1730]
[511 2011]
[439 1939]
[518 2018]
[607 2107]
[591 2091]
[117 1617]
[452 1952]
[646 2146]
[650 2150]
[528 2028]
[526 2026]
[733 2233]
[344 1844]
[629 2129]
[734 2234]
[327 1827]
[181 1681]
[492 1992]
[156 1656]
[798 2298]
[384 1884]
[37 1537]
[213 1713]
[541 2041]
[669 2169]
[52 1552]
[751 2251]
[258 1758]
[42 1542]
[137 1637]
[178 1678]
[303 1803]
[536 2036]
[340 1840]
[61 1561]
[542 2042]
[291 1791]
[26 1526]
[333 1833]
[437 1937]
[310 1810]
[792 2292]
[124 1624]
[120 1620]
[465 1965]
[204 1704]
[366 1866]
[65 1565]
[572 2072]
[121 1621]
[335 1835]
[44 1544]
[444 1944]
[79 1579]
[554 2054]
[730 2230]
[740 2240]
[767 2267]
[151 1651]
[431 1931]
[489 1989]
[23 1523]
[515 2015]
[349 1849]
[205 1705]
[25 1525]
[775 2275]
[140 1640]
[634 2134]
[424 1924]
[172 1672]
[662 2162]
[535 2035]
[89 1589]
[429 1929]
[29 1529]
[400 1900]
[612 2112]
[728 2228]
[82 1582]
[546 2046]
[485 1985]
[711 2211]
[11 1511]
[693 2193]
[573 2073]
[359 1859]
[148 1648]
[164 1664]
[461 1961]
[774 2274]
[598 2098]
[126 1626]
[450 1950]
[131 1631]
[519 2019]
[321 1821]
[479 1979]
[548 2048]
[276 1776]
[40 1540]
[556 2056]
[360 1860]
[753 2253]
[55 1555]
[509 2009]
[198 1698]
[655 2155]
[440 1940]
[141 1641]
[638 2138]
[220 1720]
[12 1512]
[569 2069]
[289 1789]
[739 2239]
[442 1942]
[413 1913]
[325 1825]
[158 1658]
[294 1794]
[307 1807]
[305 1805]
[793 2293]
[94 1594]
[244 1744]
[2 1502]
[770 2270]
[328 1828]
[238 1738]
[787 2287]
[47 1547]
[656 2156]
[755 2255]
[108 1608]
[159 1659]
[255 1755]
[362 1862]
[21 1521]
[368 1868]
[24 1524]
[190 1690]
[532 2032]
[585 2085]
[483 1983]
[563 2063]
[217 1717]
[355 1855]
[342 1842]
[510 2010]
[199 1699]
[724 2224]
[57 1557]
[358 1858]
[246 1746]
[19 1519]
[278 1778]
[783 2283]
[616 2116]
[283 1783]
[391 1891]
[312 1812]
[716 2216]
[90 1590]
[225 1725]
[773 2273]
[657 2157]
[1 1501]
[127 1627]
[712 2212]
[790 2290]
[168 1668]
[71 1571]
[464 1964]
[7 1507]
[463 1963]
[537 2037]
[43 1543]
[473 1973]
[13 1513]
[508 2008]
[503 2003]
[128 1628]
[353 1853]
[504 2004]
[472 1972]
[236 1736]
[105 1605]
[223 1723]
[153 1653]
[609 2109]
[102 1602]
[608 2108]
[625 2125]
[726 2226]
[45 1545]
[666 2166]
[555 2055]
[512 2012]
[389 1889]
[688 2188]
[605 2105]
[187 1687]
[339 1839]
[60 1560]
[600 2100]
[157 1657]
[290 1790]
[628 2128]
[296 1796]
[160 1660]
[445 1945]
[552 2052]
[558 2058]
[441 1941]
[386 1886]
[41 1541]
[139 1639]
[247 1747]
[455 1955]
[18 1518]
[749 2249]
[272 1772]
[576 2076]
[423 1923]
[189 1689]
[696 2196]
[426 1926]
[314 1814]
[794 2294]
[77 1577]
[637 2137]
[644 2144]
[402 1902]
[36 1536]
[301 1801]
[545 2045]
[565 2065]
[434 1934]
[786 2286]
[584 2084]
[115 1615]
[214 1714]
[627 2127]
[83 1583]
[84 1584]
[242 1742]
[458 1958]
[286 1786]
[659 2159]
[274 1774]
[166 1666]
[632 2132]
[109 1609]
[207 1707]
[269 1769]
[417 1917]
[352 1852]
[163 1663]
[735 2235]
[104 1604]
[62 1562]
[106 1606]
[507 2007]
[215 1715]
[316 1816]
[651 2151]
[435 1935]
[421 1921]
[32 1532]
[63 1563]
[689 2189]
[752 2252]
[633 2133]
[729 2229]
[438 1938]
[412 1912]
[201 1701]
[771 2271]
[660 2160]
[35 1535]
[620 2120]
[22 1522]
[631 2131]
[374 1874]
[311 1811]
[531 2031]
[443 1943]
[96 1596]
